dn: cn=einweisung,cn=schema,cn=config
objectClass: olcSchemaConfig
olcAttributeTypes: {0}( 2.25.128424792425578037463837247958458780603.1 NAME 'einweisungsdatum' EQUALITY 2.5.13.27 SYNTAX 1.3.6.1.4.1.1466.115.121.1.24)
olcAttributeTypes: {1}( 2.25.128424792425578037463837247958458780603.2 NAME 'geraet' EQUALITY 2.5.13.1 SYNTAX 1.3.6.1.4.1.1466.115.121.1.12 SINGLE-VALUE)
olcAttributeTypes: {2}( 2.25.128424792425578037463837247958458780603.3 NAME 'eingewiesener' EQUALITY 2.5.13.1 SYNTAX 1.3.6.1.4.1.1466.115.121.1.12 SINGLE-VALUE)
olcAttributeTypes: {3}( 2.25.128424792425578037463837247958458780603.4 NAME 'geraetname' EQUALITY 2.5.13.5 SYNTAX 1.3.6.1.4.1.1466.115.121.1.15 SINGLE-VALUE)
olcAttributeTypes: {4}( 2.25.128424792425578037463837247958458780603.5 NAME 'geraetementor' EQUALITY 2.5.13.1 SYNTAX 1.3.6.1.4.1.1466.115.121.1.12)
olcAttributeTypes: {5}( 2.25.128424792425578037463837247958458780603.6 NAME 'distinctname' EQUALITY 2.5.13.5 SYNTAX 1.3.6.1.4.1.1466.115.121.1.15 SINGLE-VALUE)
olcObjectClasses: {0}( 2.25.128424792425578037463837247958458780603.25 NAME 'einweisung' DESC 'Einweisung' SUP top STRUCTURAL MUST ( distinctname $ einweisungsdatum $ geraet $ eingewiesener) MAY (geraetementor))
olcObjectClasses: {1}( 2.25.128424792425578037463837247958458780603.26 NAME 'geraet' DESC 'Geraet' SUP top STRUCTURAL MUST ( geraetname ) MAY ( geraetementor ) )
